Eidgenössisches Departement des Innern EDI
Bundesamt für Meteorologie und Klimatologie
MeteoSchweiz

Erstellungsdatum: 17.12.2021 / Stand: 01.01.2022

Monatswerte Niederschlagssumme / Millimeter / Normwerte 1991-2020

Station	Stationshöhe [m]	CH Koordinaten	Referenzperiode	Jan	Feb	Mar	Apr	Mai	Jun	Jul	Aug	Sep	Okt	Nov	Dez	Jahr
Aadorf / Tänikon	539	2710518 / 1259824	01.1991-12.2020	74.8	71.0	79.8	85.0	124.7	124.0	124.1	126.0	90.5	88.9	83.2	96.8	1168.8
Aarberg	444	2588354 / 1211894	01.1991-12.2020	74.3	65.4	69.0	73.5	97.7	94.5	102.3	102.5	80.1	90.4	83.2	97.5	1030.4
Acquarossa / Comprovasco	575	2714985 / 1146450	01.1991-12.2020	57.4	44.2	58.9	103.8	129.5	130.1	124.7	161.0	127.4	135.7	141.0	69.6	1283.3
Adelboden	1321	2609371 / 1148939	01.1991-12.2020	87.7	75.6	81.4	84.9	134.7	140.0	165.5	152.1	100.3	88.4	86.8	105.2	1302.6
Affeltrangen	541	2718739 / 1266351	01.1991-12.2020	59.0	57.5	65.7	70.4	117.7	116.8	113.7	121.3	85.4	77.2	74.0	79.0	1037.7
Affoltern i. E.	755	2622940 / 1212500	01.1991-12.2020	69.7	71.0	78.9	97.9	137.5	127.2	131.8	135.0	96.1	97.5	88.6	91.8	1223.0
Aigle	381	2560403 / 1130713	01.1991-12.2020	67.6	57.7	62.6	65.1	94.2	96.4	118.0	110.4	80.2	77.3	74.9	80.0	984.4
Airolo	1139	2688910 / 1153417	01.1991-12.2020	107.0	81.9	99.2	151.4	184.0	175.1	133.0	174.8	189.7	217.2	219.4	114.9	1847.6
Allenwinden, TG	865	2713800 / 1249549	01.1991-12.2020	100.3	95.0	109.0	112.7	156.1	170.3	163.5	162.5	128.1	117.0	115.0	128.6	1558.1
Alpthal	1015	2696860 / 1212929	01.1991-12.2020	138.1	134.5	152.6	145.6	211.6	232.9	242.4	226.5	179.4	141.0	145.1	165.1	2114.8
Altdorf	437	2690180 / 1193563	01.1991-12.2020	69.9	59.2	72.2	81.0	117.3	138.1	140.6	153.6	105.3	84.2	81.2	83.4	1186.0
Altmatt	920	2695420 / 1220769	01.1991-12.2020	109.5	107.9	124.1	124.3	188.4	189.2	204.9	199.3	149.2	125.0	124.1	137.3	1783.2
Altstätten, SG	430	2759910 / 1250201	01.1991-12.2020	78.0	72.9	88.5	82.7	124.4	143.8	143.9	144.9	110.5	91.2	88.5	98.2	1267.5
Alvaneu Dorf	1162	2768985 / 1171899	01.1991-12.2020	53.6	40.7	52.2	62.9	82.5	118.4	117.5	137.2	90.9	81.4	78.8	64.8	980.9
Amriswil	420	2741796 / 1268303	01.1991-12.2020	54.5	55.1	62.0	70.4	112.4	119.4	121.3	127.2	89.9	76.7	70.1	77.8	1036.8
Andeer	987	2752692 / 1164037	01.1991-12.2020	42.3	30.3	43.5	61.1	87.6	115.3	114.0	142.3	98.4	91.3	86.4	48.9	961.4
Andelfingen	360	2692617 / 1273392	01.1991-12.2020	61.6	54.7	58.0	67.5	95.9	89.1	97.7	97.8	72.2	73.3	70.2	77.5	915.5
Andermatt	1434	2687444 / 1165043	01.1991-12.2020	99.4	91.2	102.8	108.5	133.9	131.3	112.5	133.7	130.0	125.3	142.2	112.5	1423.3
Appenzell	750	2748012 / 1245039	01.1991-12.2020	84.2	78.2	101.8	106.6	159.5	173.4	181.4	183.7	132.4	105.3	97.2	105.2	1508.9
Arbon	401	2750506 / 1263114	01.1991-12.2020	57.6	57.0	70.2	77.4	121.3	127.2	133.1	137.5	98.3	82.7	75.2	78.5	1116.0
Arisdorf	480	2625310 / 1261860	01.1991-12.2020	58.0	55.9	61.1	75.5	106.9	102.6	108.7	101.3	81.7	83.9	79.2	82.9	997.7
Arosa	1878	2771030 / 1184830	01.1991-12.2020	77.1	64.7	73.3	77.0	97.0	132.3	136.1	157.8	103.8	89.7	90.0	80.3	1179.1
Avenches	457	2569652 / 1191910	01.1991-12.2020	59.7	52.0	60.3	72.5	93.1	92.0	98.8	96.5	79.4	96.6	77.6	79.9	958.4
Avers / Am Bach	1993	2761959 / 1146802	01.1991-12.2020	45.1	37.2	48.6	73.3	105.7	149.3	136.8	160.1	117.3	115.8	101.1	52.7	1143.0
Bad Ragaz	496	2756911 / 1209350	01.1991-12.2020	70.6	56.3	77.7	72.3	99.4	119.0	124.8	145.6	94.5	80.1	79.3	79.3	1098.9
Balsthal	523	2621017 / 1241091	01.1991-12.2020	79.7	70.1	70.2	77.7	105.8	104.9	114.4	111.1	79.9	79.9	82.7	96.8	1073.2
Barmelweid	777	2640058 / 1252430	01.1991-12.2020	91.4	82.8	87.5	94.6	127.7	119.6	121.9	123.6	95.1	95.9	99.9	115.6	1255.6
Basel / Binningen	316	2610908 / 1265611	01.1991-12.2020	47.8	45.2	49.5	63.5	97.6	86.6	88.9	88.3	70.2	74.4	64.9	65.0	841.9
Baulmes	642	2530055 / 1182443	01.1991-12.2020	123.4	103.4	106.6	92.6	109.9	102.3	104.1	106.9	98.4	118.9	122.8	153.4	1342.7
Bauma	667	2710805 / 1247004	01.1991-12.2020	103.0	96.2	108.9	111.4	163.3	176.8	172.1	163.5	131.5	114.9	116.7	131.7	1590.0
Bellelay	923	2579603 / 1234880	01.1991-12.2020	113.0	101.5	102.7	99.3	128.1	115.5	125.8	121.6	101.5	111.3	115.9	139.6	1375.8
Bellinzona	224	2720913 / 1116587	01.1991-12.2020	61.5	53.1	69.8	130.5	163.6	170.7	151.3	195.0	152.7	159.0	162.8	75.8	1545.8
Belp	510	2605082 / 1195000	01.1991-12.2020	67.5	67.1	71.6	80.3	120.1	115.4	124.8	117.1	88.7	85.6	78.8	87.7	1104.7
Benken / Doggen	408	2715387 / 1227539	01.1991-12.2020	81.6	79.0	94.9	102.5	161.4	178.0	191.5	185.9	142.3	106.8	101.6	104.5	1530.0
Bergün / Latsch	1407	2777274 / 1166618	01.1991-12.2020	48.0	40.7	49.4	61.2	82.4	120.9	115.0	136.6	86.7	81.2	80.2	56.1	958.4
Bern / Zollikofen	552	2601934 / 1204409	01.1991-12.2020	60.3	55.5	64.9	78.0	112.4	101.5	108.0	112.3	87.0	86.5	76.9	78.5	1021.8
Bernina / Curtinatsch	2090	2795796 / 1146485	01.1991-12.2020	42.2	32.6	46.9	62.2	95.0	119.0	109.1	118.3	104.0	123.8	112.6	47.2	1012.9
Beromünster	642	2657200 / 1228760	01.1991-12.2020	78.6	72.2	78.8	88.6	128.3	127.1	136.3	132.0	90.2	94.2	82.7	95.3	1204.3
Bex	402	2565805 / 1121511	01.1991-12.2020	72.0	60.7	64.9	69.5	98.3	102.5	123.7	116.0	80.7	78.2	75.6	87.1	1029.2
Beznau	325	2659813 / 1267696	01.1991-12.2020	83.1	71.5	74.3	66.0	86.9	83.0	90.9	81.8	65.5	74.5	83.5	97.8	958.8
Biasca	278	2718535 / 1132792	01.1991-12.2020	67.2	51.6	67.0	117.1	141.0	147.8	136.9	177.4	151.4	165.9	169.5	78.6	1471.4
Binn	1479	2657995 / 1135421	01.1991-12.2020	66.8	51.8	68.3	104.9	129.0	110.6	87.1	96.8	112.2	129.7	140.5	78.1	1175.8
Bischofszell / Sitterdorf	507	2737713 / 1263612	01.1991-12.2020	53.3	53.5	63.1	72.8	111.0	123.2	123.9	119.8	91.7	75.1	67.0	73.2	1027.6
Bisisthal	856	2705983 / 1200132	01.1991-12.2020	151.9	135.0	161.9	145.2	191.2	227.2	246.0	251.5	176.3	147.8	156.6	170.7	2161.3
Bivio	1856	2771282 / 1148119	01.1991-12.2020	56.4	47.1	50.5	73.9	105.9	133.3	119.4	131.5	103.0	108.0	103.0	65.7	1097.7
Bière	683	2515887 / 1153211	01.1991-12.2020	86.2	73.0	73.2	71.6	86.4	94.9	91.3	94.4	83.0	94.8	95.1	114.6	1058.5
Blatten, Lötschental	1538	2629563 / 1141083	01.1991-12.2020	96.8	78.1	77.0	62.1	94.6	90.7	93.2	99.2	68.6	89.4	92.9	121.4	1064.0
Blumenstein	655	2606259 / 1177009	01.1991-12.2020	67.2	66.6	77.9	84.0	136.6	147.4	156.6	140.3	101.9	87.4	79.2	91.8	1236.9
Boltigen	820	2595831 / 1163587	01.1991-12.2020	84.0	73.2	77.0	74.0	113.2	116.4	134.5	124.5	89.5	81.1	82.7	107.0	1157.1
Bosco/Gurin	1486	2680878 / 1130026	01.1991-12.2020	93.0	79.4	107.8	187.3	205.2	183.3	144.3	172.6	199.7	208.9	210.5	98.0	1890.0
Boudevilliers	750	2558094 / 1208130	01.1991-12.2020	99.7	88.8	85.9	75.3	90.7	90.5	91.4	100.7	84.4	100.1	97.0	128.0	1132.5
Bourg-St-Pierre	1664	2582154 / 1088270	01.1991-12.2020	68.6	59.5	60.7	71.2	96.1	85.0	95.1	86.8	66.6	79.9	80.3	78.0	927.8
Braggio	1312	2729967 / 1128611	01.1991-12.2020	64.0	49.8	66.4	130.1	180.3	206.5	169.8	199.9	158.5	154.8	157.2	73.9	1611.2
Braunau	592	2723115 / 1264786	01.1991-12.2020	64.1	61.8	71.8	78.8	123.2	127.4	124.5	125.4	95.3	83.3	78.4	83.9	1117.9
Braunwald	1299	2717942 / 1199650	01.1991-12.2020	173.5	154.1	174.9	133.0	164.4	187.5	220.1	221.9	162.1	143.3	154.3	179.5	2068.6
Brienz	567	2647552 / 1176803	01.1991-12.2020	83.0	72.8	83.7	84.4	133.2	140.5	156.3	159.8	103.9	87.9	89.2	101.4	1296.1
Brig	665	2640566 / 1129068	01.1991-12.2020	67.4	47.7	49.3	53.9	72.5	58.7	51.4	56.9	42.8	62.3	79.4	73.1	715.4
Brissago	280	2698199 / 1108388	01.1991-12.2020	76.8	68.1	111.0	196.1	209.1	197.6	152.1	207.1	241.0	261.1	248.5	86.0	2054.5
Bristen	784	2696223 / 1180372	01.1991-12.2020	91.5	80.4	105.6	118.1	148.8	138.9	142.7	162.3	128.4	110.7	121.3	104.4	1453.1
Broc	682	2574681 / 1162098	01.1991-12.2020	73.1	68.3	74.9	91.4	134.5	133.1	139.2	144.1	102.2	97.9	81.9	90.1	1230.7
Brusio	856	2806478 / 1127183	01.1991-12.2020	44.3	29.9	43.6	70.2	93.6	117.3	104.4	116.7	99.7	109.4	103.2	56.2	988.5
Brülisau	928	2752884 / 1240106	01.1991-12.2020	98.8	92.9	117.2	114.7	163.9	194.3	197.8	214.4	155.5	118.3	109.9	114.1	1691.8
Buch, SH	414	2700944 / 1286038	01.1991-12.2020	58.1	52.9	50.3	58.9	86.6	88.8	94.3	87.5	63.0	63.8	61.0	73.2	838.4
Buchs / Aarau	386	2648396 / 1248369	01.1991-12.2020	63.1	52.6	61.3	63.2	98.5	92.2	98.4	98.3	69.6	72.0	69.1	81.4	919.7
Buffalora	1971	2816494 / 1170254	01.1991-12.2020	43.0	31.3	44.1	55.9	84.0	109.5	118.5	129.8	85.7	97.5	85.5	51.3	936.1
Bullet / La Frétaz	1205	2534225 / 1188081	01.1991-12.2020	106.3	87.1	93.3	90.4	117.6	115.4	115.6	120.0	101.9	121.4	110.3	126.2	1305.5
Burgdorf	534	2612163 / 1211782	01.1991-12.2020	66.1	61.0	68.4	80.7	113.7	110.5	110.5	115.0	87.9	87.7	79.1	87.9	1068.5
Bözberg	536	2652249 / 1259223	01.1991-12.2020	70.8	61.1	66.5	69.0	100.5	92.3	97.6	95.1	70.0	78.0	78.1	86.6	965.6
Bülach	403	2682029 / 1263775	01.1991-12.2020	70.3	59.9	65.0	68.7	101.4	93.7	106.9	94.7	71.2	77.7	73.6	85.4	968.5
Camedo	590	2690295 / 1112206	01.1991-12.2020	80.7	72.8	115.7	229.5	244.5	210.3	157.9	226.4	278.2	290.1	284.7	93.9	2284.7
Campocologno	577	2807969 / 1124285	01.1991-12.2020	41.7	27.5	41.7	65.5	86.5	101.3	90.8	104.7	90.4	104.4	103.3	53.3	911.1
Cavaglia	1707	2799866 / 1138474	01.1991-12.2020	83.1	61.6	74.8	116.1	126.1	143.6	130.9	139.6	130.7	165.9	176.7	95.8	1444.9
Cevio	417	2689688 / 1130564	01.1991-12.2020	74.2	63.3	87.9	165.0	179.3	153.3	134.6	166.4	198.4	195.2	213.9	83.8	1715.3
Cham	442	2677758 / 1226877	01.1991-12.2020	54.1	54.4	66.4	85.7	138.1	145.8	144.0	141.6	92.8	86.3	73.3	77.1	1159.6
Chanéaz	765	2546982 / 1175753	01.1991-12.2020	67.4	53.9	61.3	75.2	94.3	95.1	99.5	100.8	89.3	101.6	86.1	86.2	1010.7
Chasseral	1594	2570845 / 1220157	01.1991-12.2020	95.8	91.8	96.6	103.7	133.6	133.5	136.4	142.4	116.6	122.2	110.4	112.7	1395.7
Chaumont	1136	2565060 / 1211006	01.1991-12.2020	101.5	87.1	84.0	84.0	110.5	107.9	106.9	121.2	94.4	105.5	104.2	128.7	1235.9
Chavornay	439	2531886 / 1172741	01.1991-12.2020	63.9	50.1	52.3	59.0	79.1	82.1	80.5	84.5	77.4	83.0	73.3	82.6	867.8
Chur	556	2759466 / 1193152	01.1991-12.2020	54.3	40.2	52.9	49.5	70.2	93.3	101.0	119.3	77.4	66.7	68.6	58.4	851.8
Château-d'Oex	1028	2577040 / 1147654	01.1991-12.2020	95.0	77.2	86.0	84.0	128.9	127.7	145.1	146.7	101.7	96.9	97.3	115.2	1301.7
Cimetta	1661	2704433 / 1117457	01.1991-12.2020	48.6	50.0	72.7	131.7	179.4	178.1	147.4	193.5	188.9	196.3	159.3	63.5	1609.4
Col des Mosses	1412	2573817 / 1137852	01.1991-12.2020	136.4	109.8	113.5	103.5	142.5	149.5	156.0	154.2	116.9	116.5	123.3	154.8	1576.9
Col du Grand St-Bernard	2472	2579191 / 1079754	01.1991-12.2020	241.8	190.4	192.3	204.1	206.9	145.6	140.0	135.7	132.8	194.4	257.6	243.1	2284.7
Coldrerio	347	2721080 / 1079233	01.1991-12.2020	76.5	76.0	83.0	138.5	170.2	142.1	123.3	140.4	168.1	164.0	197.2	94.7	1574.0
Combe-Garot	629	2548088 / 1200426	01.1991-12.2020	113.5	94.3	97.5	92.4	100.3	101.3	104.4	106.9	92.8	113.4	112.3	141.6	1270.7
Cossonay	590	2527562 / 1162465	01.1991-12.2020	68.5	55.5	59.3	64.6	85.3	89.8	88.9	89.9	81.0	91.4	81.4	87.6	943.2
Courtelary	695	2573622 / 1225598	01.1991-12.2020	106.4	91.2	91.8	93.5	111.3	107.7	114.4	112.9	97.8	108.2	108.5	136.0	1279.7
Courtepin	565	2576279 / 1189930	01.1991-12.2020	65.2	59.8	67.7	80.7	102.2	103.2	102.7	103.7	88.6	93.6	81.2	82.8	1031.4
Couvet	728	2540606 / 1198345	01.1991-12.2020	105.2	90.7	88.8	86.7	104.2	102.4	106.4	110.0	91.3	105.9	107.1	130.2	1228.9
Davos	1594	2783519 / 1187458	01.1991-12.2020	70.1	52.0	56.7	54.4	88.7	128.7	133.1	149.5	96.3	77.1	71.2	68.1	1045.9
Degersheim	830	2732600 / 1247599	01.1991-12.2020	75.8	72.9	93.3	102.8	158.7	169.6	169.8	168.2	124.9	102.1	91.9	97.4	1427.4
Delémont	439	2593269 / 1244543	01.1991-12.2020	52.5	49.7	52.4	65.4	93.4	91.0	94.2	95.5	71.5	72.9	69.2	68.4	876.1
Diessenhofen	404	2696732 / 1283138	01.1991-12.2020	60.8	53.7	51.7	60.8	87.6	88.6	93.7	87.4	66.9	68.2	63.8	75.2	858.4
Dietikon	384	2672890 / 1251864	01.1991-12.2020	76.0	66.1	72.9	74.9	115.6	108.6	117.9	104.4	78.8	84.3	81.5	93.5	1074.5
Dischma	1710	2786600 / 1182989	01.1991-12.2020	68.5	55.6	61.5	59.5	86.9	129.4	131.0	151.3	95.3	79.7	80.4	72.7	1071.8
Disentis	1197	2708190 / 1173793	01.1991-12.2020	65.6	48.5	66.8	82.7	109.8	112.4	109.4	132.9	112.0	106.0	105.5	73.9	1125.5
Ebnat-Kappel	623	2726347 / 1237176	01.1991-12.2020	131.6	117.1	142.2	121.4	177.1	182.6	196.0	194.8	151.9	122.1	129.3	152.0	1818.1
Echallens	602	2537462 / 1166422	01.1991-12.2020	67.3	56.4	61.9	74.0	96.2	93.2	95.2	96.6	91.5	97.2	87.0	87.5	1004.0
Effretikon	478	2695336 / 1254991	01.1991-12.2020	72.7	68.2	76.7	86.2	125.8	123.5	132.1	123.2	90.3	86.2	83.2	93.9	1162.0
Eggersriet	770	2753060 / 1256196	01.1991-12.2020	73.8	75.5	91.5	103.3	147.4	169.1	162.2	177.1	131.7	100.2	99.5	97.7	1429.0
Egolzwil	521	2642913 / 1225540	01.1991-12.2020	58.3	53.0	61.5	70.6	109.6	102.5	118.7	114.6	78.9	80.7	66.2	74.0	988.6
Ehrendingen	428	2667833 / 1262320	01.1991-12.2020	78.2	66.7	73.1	78.1	113.7	103.5	113.5	103.8	79.6	86.3	86.6	95.5	1078.6
Eigenthal	1114	2659340 / 1203879	01.1991-12.2020	99.3	101.3	120.7	140.8	200.5	206.5	206.1	213.3	150.2	124.7	117.2	124.1	1804.7
Einsiedeln	910	2699983 / 1221068	01.1991-12.2020	98.6	99.9	121.7	117.2	176.1	186.1	196.1	192.8	144.4	114.7	114.9	127.5	1690.0
Elm	957	2732265 / 1198424	01.1991-12.2020	103.0	90.5	114.4	104.9	140.2	162.9	183.8	194.3	141.6	115.9	120.0	116.7	1588.2
Engelberg	1035	2674161 / 1186069	01.1991-12.2020	89.4	81.3	98.5	112.1	165.7	178.6	198.2	196.2	128.0	109.8	102.5	107.2	1567.5
Entlebuch	768	2647935 / 1204164	01.1991-12.2020	83.3	82.9	93.6	107.1	163.8	169.8	178.6	170.8	111.0	97.2	96.3	107.5	1461.9
Eptingen	565	2628720 / 1248410	01.1991-12.2020	88.7	78.3	86.1	91.2	122.5	110.1	118.9	113.4	86.8	91.1	92.9	108.2	1188.2
Eriswil	729	2631275 / 1214794	01.1991-12.2020	81.0	79.0	84.5	99.1	137.8	133.0	132.3	133.8	102.3	100.3	90.8	103.4	1277.3
Erlenbach im Simmental	732	2606536 / 1167474	01.1991-12.2020	89.2	78.5	78.9	83.2	133.3	136.7	155.9	143.4	91.5	85.5	86.0	110.9	1273.0
Eschenz	414	2707844 / 1278214	01.1991-12.2020	67.0	60.6	62.8	70.2	98.6	94.1	94.9	91.2	72.7	71.5	71.5	84.0	939.1
Eschlikon	578	2715699 / 1256835	01.1991-12.2020	85.6	81.6	89.2	85.8	121.3	132.8	130.4	130.6	98.0	93.7	92.2	109.3	1250.5
Escholzmatt	840	2637850 / 1194828	01.1991-12.2020	87.3	83.9	94.0	111.0	163.3	173.9	187.2	168.5	120.4	105.3	98.2	109.1	1502.1
Euthal	910	2704729 / 1217362	01.1991-12.2020	110.6	106.7	131.1	124.1	188.6	208.0	219.5	220.6	157.9	124.0	120.5	136.9	1848.5
Evolène / Villa	1825	2605411 / 1106748	01.1991-12.2020	49.3	39.6	41.1	50.0	81.0	80.9	88.3	84.8	54.6	54.1	54.6	55.4	733.7
Fahy	596	2562464 / 1252675	01.1991-12.2020	66.6	63.9	68.6	78.1	106.8	98.7	92.9	103.3	88.4	98.8	90.3	90.0	1046.4
Faido	747	2704950 / 1148265	01.1991-12.2020	73.1	54.6	75.8	124.1	137.2	142.4	126.5	162.3	161.4	166.5	160.5	79.5	1463.9
Fieschertal	1175	2653989 / 1142081	01.1991-12.2020	97.0	69.9	80.9	79.9	103.3	88.9	75.0	90.0	73.0	91.7	120.7	107.1	1077.4
Filisur	1030	2772250 / 1171319	01.1991-12.2020	49.6	38.6	46.0	56.3	75.6	111.6	113.2	128.6	85.3	78.8	80.1	61.4	925.1
Finhaut	1242	2564159 / 1103590	01.1991-12.2020	115.8	92.8	92.2	83.0	111.4	114.0	132.2	126.8	92.7	108.5	104.7	142.6	1316.7
Fionnay	1500	2589959 / 1097765	01.1991-12.2020	93.0	85.2	80.8	90.2	116.4	107.5	112.2	108.5	87.2	86.2	95.6	102.9	1165.7
Flawil	571	2733136 / 1252977	01.1991-12.2020	69.0	67.0	79.9	85.0	128.8	145.7	148.6	138.6	106.9	87.4	79.4	90.6	1226.9
Flims	1050	2740720 / 1188599	01.1991-12.2020	96.7	80.1	93.6	85.0	102.5	117.0	127.3	150.7	103.5	99.5	104.3	108.1	1268.3
Flühli, LU	939	2644332 / 1193311	01.1991-12.2020	117.2	104.6	118.9	121.3	179.0	196.0	207.3	184.2	132.1	113.5	113.6	138.9	1726.6
Frauenfeld	393	2709480 / 1270169	01.1991-12.2020	60.1	56.2	62.2	69.0	106.7	101.7	109.4	108.0	78.7	76.7	71.6	80.4	980.7
Fribourg / Grangeneuve	650	2575183 / 1180076	01.1991-12.2020	50.3	50.1	59.6	74.6	107.7	101.2	105.7	105.9	82.9	87.4	71.7	65.1	962.2
Frick	345	2643355 / 1262700	01.1991-12.2020	82.1	73.5	74.2	75.7	97.6	96.1	97.2	97.6	74.1	83.2	86.9	100.9	1039.1
Fruence	810	2558813 / 1152867	01.1991-12.2020	116.2	103.7	111.4	114.3	146.8	131.6	142.7	148.6	121.7	128.2	124.9	141.2	1531.3
Frutigen	756	2616773 / 1160883	01.1991-12.2020	76.9	67.4	68.1	82.9	119.3	128.6	148.8	150.2	89.1	78.4	73.4	91.0	1174.1
Fräschels	454	2582300 / 1205070	01.1991-12.2020	63.9	52.7	58.7	68.9	91.7	90.8	97.1	97.3	78.6	89.4	77.6	87.1	953.8
Gadmen	1190	2669750 / 1176609	01.1991-12.2020	120.4	106.5	126.2	117.2	164.9	169.3	181.2	182.9	129.0	116.7	119.9	133.3	1667.5
Gempen, SO	585	2616260 / 1260400	01.1991-12.2020	60.0	58.8	62.9	85.1	126.1	116.3	114.5	109.8	94.1	95.6	84.1	82.5	1089.8
Genève / Aïre	376	2495934 / 1116925	01.1991-12.2020	70.8	53.6	59.4	63.5	75.4	82.7	77.8	79.2	87.2	98.7	88.9	86.0	923.2
Genève / Cointrin	410	2498904 / 1122631	01.1991-12.2020	72.8	55.9	62.1	67.1	78.5	83.2	79.2	81.2	90.7	96.5	88.6	89.9	945.7
Giswil	471	2657322 / 1188976	01.1991-12.2020	69.2	63.6	75.0	85.1	126.2	150.7	159.7	159.1	98.2	82.3	84.1	86.0	1239.2
Glarus	516	2723756 / 1210567	01.1991-12.2020	91.8	80.0	99.2	92.7	132.3	166.8	193.1	192.5	131.3	104.2	100.6	109.5	1494.0
Grimentz	1512	2610767 / 1114288	01.1991-12.2020	62.7	47.8	48.7	51.5	82.2	82.6	91.3	94.4	55.4	58.4	56.9	69.0	800.9
Grimsel Hospiz	1980	2668583 / 1158214	01.1991-12.2020	190.1	163.2	169.1	150.2	158.6	127.3	126.3	139.4	128.6	129.3	167.8	184.1	1834.0
Grindelwald	1107	2643511 / 1163246	01.1991-12.2020	91.4	86.6	92.7	101.8	144.1	135.6	158.8	156.5	111.1	102.4	99.3	107.0	1387.3
Grono	323	2733017 / 1124089	01.1991-12.2020	58.0	48.9	62.4	106.4	142.3	154.4	144.8	163.6	137.7	134.1	147.3	71.1	1371.0
Gross, SZ	897	2701799 / 1218840	01.1991-12.2020	109.4	106.4	125.7	116.0	181.4	194.7	196.7	198.1	150.0	121.3	118.7	133.4	1751.8
Grosshöchstetten	755	2616015 / 1194884	01.1991-12.2020	70.7	69.0	75.9	94.2	145.8	150.4	161.9	143.0	106.2	95.8	84.5	87.5	1284.9
Gryon	1158	2571093 / 1124889	01.1991-12.2020	100.5	91.1	94.1	98.0	132.5	133.6	146.1	141.1	105.8	100.7	101.8	119.2	1364.5
Grächen	1605	2630738 / 1116062	01.1991-12.2020	41.6	30.9	36.9	47.0	68.9	58.1	55.5	62.1	43.0	56.7	56.0	50.2	606.9
Grüningen	535	2698752 / 1236665	01.1991-12.2020	74.1	70.8	80.4	86.7	138.9	148.2	150.4	148.7	108.2	91.6	88.0	96.3	1282.3
Gsteig, Gstaad	1196	2587686 / 1136142	01.1991-12.2020	133.9	111.2	116.4	104.3	147.8	158.8	167.1	160.8	118.2	119.0	119.3	151.3	1608.1
Guglera	877	2585039 / 1177635	01.1991-12.2020	65.2	66.5	80.2	98.2	148.9	137.2	147.0	142.0	112.9	111.4	86.1	85.6	1281.2
Guttannen	1055	2665296 / 1167600	01.1991-12.2020	112.2	107.8	124.0	133.4	162.1	151.8	154.8	163.1	128.7	122.0	140.9	132.6	1633.4
Göschenen	950	2688477 / 1171925	01.1991-12.2020	106.5	95.5	110.4	117.4	136.0	121.4	110.4	125.9	115.2	121.4	145.4	117.5	1423.0
Göscheneralp	1745	2681253 / 1166803	01.1991-12.2020	102.9	96.0	110.9	118.5	146.4	148.9	123.6	153.4	148.1	136.4	147.9	111.1	1544.1
Gösgen	380	2640422 / 1245949	01.1991-12.2020	68.3	57.9	65.6	73.3	100.0	97.8	107.1	108.7	74.0	76.5	73.3	84.9	987.4
Gütsch, Andermatt	2286	2690087 / 1167480	01.1991-12.2020	128.4	99.7	115.0	111.6	131.5	124.7	118.3	141.0	115.4	100.2	116.5	121.1	1423.4
Güttingen	440	2738422 / 1273962	01.1991-12.2020	54.6	52.7	59.6	65.1	100.3	110.0	107.9	108.0	79.3	70.9	67.3	74.8	950.5
Hallau	419	2677456 / 1283471	01.1991-12.2020	71.9	55.7	55.1	57.1	76.6	75.7	79.0	71.0	53.2	65.0	63.3	81.9	805.5
Hausen am Albis	590	2682060 / 1232659	01.1991-12.2020	68.2	68.3	77.0	101.1	163.1	163.9	167.1	159.8	114.1	99.3	90.9	95.4	1368.2
Herbetswil	544	2611291 / 1238440	01.1991-12.2020	100.0	85.1	83.4	88.0	114.3	112.1	116.0	109.9	86.1	89.8	95.3	120.9	1200.9
Herisau	700	2737730 / 1250829	01.1991-12.2020	78.3	73.3	94.1	95.6	146.3	165.6	168.4	160.5	120.4	97.2	88.5	99.0	1387.2
Herzogenbuchsee	482	2620889 / 1226910	01.1991-12.2020	81.2	66.6	72.6	78.1	109.5	106.5	115.3	116.2	88.9	91.3	84.7	102.2	1113.1
Hessigkofen	580	2602350 / 1221220	01.1991-12.2020	89.1	72.8	75.2	76.2	102.2	104.2	106.0	111.2	87.6	93.9	90.7	110.5	1119.6
Hinwil	539	2703874 / 1240717	01.1991-12.2020	73.8	71.9	80.9	93.8	149.5	154.6	155.2	154.7	117.4	96.7	92.9	101.3	1342.7
Hoch-Ybrig	1458	2702760 / 1207629	01.1991-12.2020	174.4	166.9	190.6	171.6	230.4	264.3	270.7	274.8	204.7	162.4	172.0	196.9	2479.7
Hondrich	760	2618524 / 1169129	01.1991-12.2020	74.4	70.4	77.1	90.5	147.7	151.2	171.0	163.5	107.5	87.4	83.2	93.4	1317.3
Huttwil	633	2630261 / 1218189	01.1991-12.2020	83.8	78.5	87.1	94.3	130.1	115.0	126.8	125.6	97.6	95.4	88.2	103.4	1225.8
Hérémence	1218	2597355 / 1114091	01.1991-12.2020	63.4	54.3	49.5	48.3	69.9	67.9	76.0	79.6	50.6	56.1	60.7	76.4	752.7
Ilanz	698	2735686 / 1181965	01.1991-12.2020	65.3	50.5	57.5	61.3	74.2	89.9	98.5	120.2	81.9	78.2	80.3	69.2	927.0
Innerferrera	1475	2753870 / 1154069	01.1991-12.2020	54.3	40.2	51.9	81.5	120.5	152.4	136.2	162.5	126.3	115.2	114.0	61.9	1216.9
Innerthal	903	2712079 / 1218325	01.1991-12.2020	112.5	110.1	132.2	124.9	192.7	223.2	228.1	230.5	171.1	131.1	125.4	138.9	1920.7
Interlaken	577	2633023 / 1169091	01.1991-12.2020	71.6	66.6	72.7	82.5	122.0	126.9	145.8	145.8	93.9	79.9	79.9	90.8	1178.4
Isenthal	778	2685460 / 1196109	01.1991-12.2020	104.0	94.1	106.4	109.5	158.6	191.3	195.2	195.1	133.5	114.3	112.0	115.5	1629.5
Jaun	1029	2587532 / 1162270	01.1991-12.2020	126.9	114.1	120.5	115.8	163.5	166.9	191.3	168.8	131.7	121.0	130.2	160.8	1711.5
Jona	410	2706760 / 1231289	01.1991-12.2020	77.2	72.2	83.4	91.9	149.0	164.8	168.5	175.2	129.3	96.7	91.8	99.6	1399.6
Jussy	466	2508909 / 1120364	01.1991-12.2020	62.1	50.4	61.1	72.0	92.2	91.4	77.8	89.3	90.5	95.2	85.1	80.6	947.7
Kaiserstuhl, AG	361	2673335 / 1269332	01.1991-12.2020	74.7	65.8	66.2	67.5	96.8	92.0	99.0	87.1	70.9	77.8	76.7	89.7	964.2
Kandersteg	1178	2618312 / 1149197	01.1991-12.2020	73.8	66.2	71.4	78.9	124.4	128.9	151.8	147.9	91.0	84.3	82.0	91.9	1192.5
Kiental	930	2622110 / 1159074	01.1991-12.2020	70.8	69.0	75.2	90.7	130.0	137.7	156.9	158.3	97.9	84.7	76.1	87.4	1234.7
Kiesen	535	2610256 / 1185526	01.1991-12.2020	49.8	48.9	55.4	70.7	118.4	119.7	135.9	125.8	83.7	73.7	62.4	67.7	1012.1
Kirchberg, SG	742	2717906 / 1253595	01.1991-12.2020	78.4	73.7	86.6	79.5	120.9	137.4	130.7	127.4	99.2	92.5	85.9	97.0	1209.2
Kleine Scheidegg	2061	2639925 / 1159424	01.1991-12.2020	116.7	107.3	119.8	119.8	174.1	176.3	184.9	179.2	126.1	114.1	112.6	114.5	1645.4
Klosters	1186	2786857 / 1193365	01.1991-12.2020	91.8	75.8	87.2	80.0	102.8	142.6	131.9	154.1	105.9	86.9	89.8	93.0	1241.8
Klöntal	855	2718775 / 1210699	01.1991-12.2020	109.8	98.4	125.6	111.7	177.2	213.8	247.9	251.0	174.7	134.9	124.9	130.6	1900.5
Koppigen	485	2612663 / 1218664	01.1991-12.2020	65.1	56.9	62.8	75.5	105.3	106.6	107.3	114.7	84.8	85.5	76.7	84.8	1026.0
Kronberg	1645	2742873 / 1239564	01.1991-12.2020	104.4	96.7	122.9	123.2	182.4	206.8	208.5	208.3	156.3	117.4	107.7	117.3	1751.9
Kurzeneialp	894	2630575 / 1207010	01.1991-12.2020	101.3	102.4	109.2	127.3	172.9	163.5	172.0	165.5	123.8	118.0	113.9	125.9	1595.7
Küblis	839	2778150 / 1198340	01.1991-12.2020	76.0	63.5	74.0	64.0	92.3	120.2	131.5	143.2	96.8	81.9	80.1	84.5	1108.0
Küsnacht, ZH	413	2686703 / 1240572	01.1991-12.2020	72.4	70.7	80.2	85.8	132.3	136.2	133.6	130.5	93.6	90.2	83.9	95.8	1205.2
Küssnacht am Rigi	502	2675328 / 1216759	01.1991-12.2020	61.3	64.4	76.8	96.6	155.5	166.3	171.1	178.0	111.3	90.8	84.9	84.6	1341.6
L' Auberson	1096	2523851 / 1186295	01.1991-12.2020	147.6	127.0	127.9	118.6	147.3	124.0	139.5	136.0	127.7	145.5	148.4	176.2	1665.7
L'Abergement	647	2527539 / 1178770	01.1991-12.2020	119.3	99.9	97.9	91.3	106.3	101.6	101.6	104.8	96.4	113.5	118.5	143.5	1294.6
La Brévine	1050	2536981 / 1203974	01.1991-12.2020	86.0	79.0	84.9	95.9	127.5	122.4	131.0	117.8	113.9	115.2	107.6	113.5	1294.7
La Chaux-de-Fonds	1017	2550919 / 1214861	01.1991-12.2020	106.6	93.0	98.9	96.1	130.9	119.3	131.1	131.2	114.2	117.2	117.7	132.5	1388.7
La Cure	1185	2495297 / 1146347	01.1991-12.2020	172.4	139.6	143.5	136.8	160.9	150.7	148.3	140.4	138.4	159.7	178.7	205.5	1874.9
La Dôle	1669	2497059 / 1142372	01.1991-12.2020	167.9	137.1	144.5	121.6	148.9	144.2	148.1	136.6	145.9	171.4	171.0	207.7	1844.9
La Valsainte	1044	2580089 / 1166314	01.1991-12.2020	108.0	106.8	115.2	128.9	171.5	163.7	176.9	174.1	128.9	126.6	117.1	132.9	1650.6
Lachen / Eggen	930	2762030 / 1255899	01.1991-12.2020	86.8	81.5	101.8	106.1	155.8	187.5	169.4	183.3	135.0	111.5	103.0	108.9	1530.6
Lachen / Galgenen	468	2707638 / 1226334	01.1991-12.2020	81.1	79.2	94.1	97.8	153.6	177.6	178.5	180.3	132.3	104.5	95.4	106.7	1481.1
Landquart	537	2762680 / 1203709	01.1991-12.2020	75.0	63.0	81.8	66.1	88.2	105.6	114.6	133.9	91.5	79.2	84.7	83.5	1067.1
Langenbruck	731	2624250 / 1244720	01.1991-12.2020	94.5	84.7	88.0	91.0	126.7	120.3	136.4	125.5	94.4	96.0	105.6	111.5	1274.6
Langnau am Albis	535	2682763 / 1238014	01.1991-12.2020	79.4	76.5	85.4	102.3	151.5	152.0	161.3	150.3	103.1	100.7	98.5	103.5	1364.5
Langnau i.E.	743	2628004 / 1198793	01.1991-12.2020	73.1	69.8	81.7	96.4	148.5	153.7	155.9	154.4	108.8	94.0	84.2	91.8	1312.3
Laufen	404	2606652 / 1251464	01.1991-12.2020	65.4	62.9	63.3	79.3	103.5	102.8	105.2	95.3	79.7	85.7	81.4	83.8	1008.3
Laufenburg	329	2646357 / 1266514	01.1991-12.2020	96.1	81.7	81.6	77.4	105.8	96.6	101.0	101.0	75.9	93.0	100.3	117.5	1127.9
Laupen	483	2584905 / 1196204	01.1991-12.2020	57.9	55.8	63.1	76.6	101.7	99.3	105.9	101.9	84.3	92.2	76.2	79.5	994.4
Lausanne	601	2538975 / 1153256	01.1991-12.2020	82.0	67.8	72.6	85.3	112.0	107.8	105.9	106.9	100.9	114.5	105.2	103.4	1164.3
Lauterbrunnen	815	2635851 / 1160290	01.1991-12.2020	81.3	72.2	73.5	80.7	121.1	129.7	149.4	146.1	90.4	80.0	82.5	96.0	1202.9
Le Locle	1015	2546612 / 1212177	01.1991-12.2020	127.2	113.8	107.8	103.4	126.7	119.5	128.8	124.7	113.4	117.8	127.1	152.6	1462.8
Le Moléson	1974	2567718 / 1155076	01.1991-12.2020	60.3	65.5	72.2	80.0	127.6	129.5	146.2	140.4	103.2	90.7	80.3	89.9	1185.8
Leibstadt	341	2656374 / 1272121	01.1991-12.2020	90.8	74.7	76.0	67.0	91.0	79.3	91.6	87.1	67.6	83.0	89.8	110.1	1008.0
Lenzerheide	1400	2761860 / 1175889	01.1991-12.2020	68.6	52.3	60.7	66.0	92.0	118.8	120.8	145.1	98.9	79.3	81.8	70.3	1054.6
Les Avants	1036	2561879 / 1145178	01.1991-12.2020	118.8	104.3	117.6	131.7	173.2	166.8	181.6	172.4	145.3	131.1	130.6	135.5	1708.9
Les Bioux	1025	2509819 / 1163450	01.1991-12.2020	166.1	141.8	138.3	118.8	133.3	124.5	127.9	123.5	119.3	140.9	159.8	197.4	1691.6
Les Brenets	908	2544673 / 1213695	01.1991-12.2020	129.7	112.0	109.1	104.3	134.5	124.7	135.7	133.2	119.2	121.9	130.4	154.1	1508.8
Les Diablerets	1191	2579037 / 1132867	01.1991-12.2020	134.7	113.7	113.3	101.6	142.6	145.0	160.3	150.4	113.0	111.2	119.3	153.1	1558.2
Les Marécottes	990	2567374 / 1107577	01.1991-12.2020	133.7	108.5	106.7	81.5	98.2	98.5	111.7	117.6	77.7	102.2	111.4	157.1	1304.8
Les Ponts-de-Martel	1052	2545886 / 1205407	01.1991-12.2020	134.9	113.2	115.2	106.7	128.4	120.6	131.2	123.3	109.0	125.0	129.3	162.6	1499.4
Leukerbad	1286	2614082 / 1135090	01.1991-12.2020	115.8	97.0	83.5	60.4	90.2	90.2	102.0	109.6	69.4	77.6	87.2	132.7	1115.6
Linthal / Tierfehd	810	2717770 / 1193169	01.1991-12.2020	131.6	114.2	134.2	124.0	156.4	175.0	190.2	202.8	152.3	137.8	138.3	141.1	1797.9
Locarno / Monti	366	2704166 / 1114315	01.1991-12.2020	69.6	64.5	94.9	166.3	189.6	186.8	162.9	211.6	203.1	209.5	207.7	88.6	1855.1
Lohn, SH	585	2692911 / 1289774	01.1991-12.2020	60.4	52.4	54.2	55.9	77.8	73.8	81.5	73.0	57.7	64.5	59.3	74.1	784.6
Longirod	900	2509386 / 1150106	01.1991-12.2020	109.5	90.7	90.5	82.9	105.0	99.3	105.1	106.7	103.6	119.2	119.2	140.5	1272.2
Lorzentobel	536	2684590 / 1226109	01.1991-12.2020	70.8	74.0	84.4	108.7	166.0	171.5	183.6	181.1	126.2	105.9	96.6	99.9	1468.7
Lugano	273	2717874 / 1095882	01.1991-12.2020	65.5	61.3	75.5	138.0	177.6	171.5	157.9	158.2	164.9	149.7	166.6	79.9	1566.6
Lungern	740	2655275 / 1181799	01.1991-12.2020	119.5	99.5	105.3	100.8	142.6	158.6	168.7	174.9	111.3	102.4	110.4	133.2	1527.2
Luthern	767	2636465 / 1212020	01.1991-12.2020	90.7	90.4	98.4	109.6	148.8	140.9	142.1	143.9	104.3	104.8	100.6	117.4	1391.9
Luzern	454	2665544 / 1209849	01.1991-12.2020	55.8	61.3	75.4	96.5	148.7	164.5	165.5	170.0	109.2	88.2	77.9	78.4	1291.4
Madiswil	663	2629396 / 1223378	01.1991-12.2020	82.5	73.0	79.2	84.4	115.1	110.6	120.7	114.7	86.6	94.3	85.8	102.8	1149.7
Magadino / Cadenazzo	203	2715479 / 1113160	01.1991-12.2020	71.6	62.1	86.9	158.0	197.0	178.4	156.0	194.0	195.7	202.2	214.3	90.0	1806.2
Magglingen	883	2583037 / 1221115	01.1991-12.2020	122.2	98.5	104.2	91.3	112.7	114.4	113.8	112.2	93.7	113.5	113.9	151.3	1341.7
Malbun	1610	2764702 / 1219184	01.1991-12.2020	100.2	93.5	120.1	108.0	154.3	192.7	208.4	223.8	157.1	122.2	106.1	118.0	1704.4
Marbach, LU	864	2635347 / 1189679	01.1991-12.2020	106.6	102.7	111.2	124.0	185.0	187.2	206.7	186.1	128.4	113.9	111.1	131.8	1694.7
Marsens	714	2571757 / 1167316	01.1991-12.2020	79.0	75.0	78.7	95.3	129.4	119.4	119.8	127.2	98.5	105.5	89.5	95.4	1212.7
Martigny	461	2570919 / 1106546	01.1991-12.2020	81.2	65.1	63.0	54.3	69.0	66.4	76.3	80.0	52.2	65.4	69.7	97.2	839.8
Martina	1041	2830465 / 1196986	01.1991-12.2020	44.2	33.8	43.3	33.6	55.2	78.0	96.1	110.8	60.4	63.4	58.8	51.6	729.2
Meiringen	588	2655844 / 1175929	01.1991-12.2020	82.5	72.1	85.0	89.8	137.1	148.0	160.2	174.2	107.8	92.2	94.7	97.6	1341.2
Mervelier	540	2603884 / 1243975	01.1991-12.2020	70.2	64.4	58.7	78.2	118.5	119.9	126.5	115.0	87.6	86.0	82.1	88.6	1095.7
Mesocco	825	2737851 / 1139822	01.1991-12.2020	66.5	51.3	67.5	118.7	149.9	170.9	157.0	174.5	142.3	147.2	150.5	77.0	1473.3
Mogelsberg	780	2728363 / 1247073	01.1991-12.2020	78.7	74.9	90.5	91.4	146.9	153.3	163.1	160.2	116.9	93.1	86.1	96.7	1351.8
Monstein	1633	2778426 / 1176002	01.1991-12.2020	62.0	52.5	57.1	61.5	84.8	124.6	127.2	143.6	91.4	82.6	80.7	68.2	1036.2
Montagne du Droit	1170	2561830 / 1222150	01.1991-12.2020	124.0	109.8	108.0	113.2	143.2	141.4	144.7	145.2	130.5	132.7	132.5	151.8	1577.0
Montagnier, Bagnes	839	2583491 / 1102189	01.1991-12.2020	75.6	59.2	54.2	58.3	80.8	72.0	82.1	79.2	54.8	63.9	67.6	85.1	832.8
Montana	1422	2601708 / 1127488	01.1991-12.2020	76.1	60.5	52.6	49.2	78.1	73.0	80.0	87.5	55.2	58.9	66.9	95.9	833.9
Montenol	694	2578412 / 1244818	01.1991-12.2020	80.6	74.2	78.8	85.8	122.2	101.9	107.2	113.2	92.7	97.1	99.8	103.6	1157.1
Morbio Superiore	594	2723520 / 1080124	01.1991-12.2020	75.9	77.1	86.8	146.5	180.6	154.4	142.5	144.1	178.5	169.3	207.0	96.8	1659.5
Morges	374	2528808 / 1152121	01.1991-12.2020	80.4	65.7	70.9	73.2	93.1	86.7	92.0	87.1	84.1	99.5	92.5	102.8	1028.0
Morgins	1340	2554719 / 1120680	01.1991-12.2020	152.7	128.5	128.2	110.7	156.5	163.8	172.2	163.9	130.5	136.5	137.6	179.4	1760.5
Mormont	535	2569727 / 1254223	01.1991-12.2020	84.2	81.0	83.2	84.2	107.8	93.8	92.0	103.0	84.2	99.4	101.0	109.6	1123.4
Mosen	453	2660128 / 1232852	01.1991-12.2020	67.0	61.3	66.7	73.4	114.6	112.5	121.1	120.9	82.1	85.5	71.1	82.1	1058.3
Mosogno	771	2692802 / 1117049	01.1991-12.2020	78.7	70.2	102.7	197.2	214.7	183.6	148.8	221.8	254.0	246.6	249.4	92.7	2060.4
Mottec	1580	2614324 / 1110729	01.1991-12.2020	58.2	48.5	50.5	55.3	87.3	89.7	89.7	93.1	58.1	58.4	59.7	64.4	812.9
Moudon	563	2551368 / 1169636	01.1991-12.2020	79.1	69.8	74.0	77.8	106.2	95.0	101.4	100.3	89.6	102.1	91.7	100.0	1087.0
Moutier	579	2594939 / 1235698	01.1991-12.2020	77.7	72.4	72.5	84.1	107.2	107.1	113.1	109.9	89.4	90.7	86.9	98.4	1109.4
Muri, AG	577	2667276 / 1235322	01.1991-12.2020	71.3	66.2	73.1	83.1	130.3	123.8	127.5	127.2	86.4	88.4	81.4	92.9	1151.6
Murten	433	2576991 / 1199048	01.1991-12.2020	67.0	59.0	65.3	73.0	94.4	91.0	102.2	97.0	79.6	92.4	79.9	89.9	990.7
Möhlin	343	2633053 / 1269147	01.1991-12.2020	68.6	64.7	70.3	77.3	104.0	95.7	100.2	96.1	82.0	85.2	86.0	93.5	1023.6
Mühleberg	479	2587792 / 1202480	01.1991-12.2020	58.0	53.7	61.1	73.6	103.6	103.0	107.2	104.0	82.0	87.6	74.7	79.4	987.9
Mülligen	393	2659783 / 1256026	01.1991-12.2020	76.6	67.4	72.3	76.6	109.3	103.9	109.3	101.4	78.1	84.0	83.6	93.4	1055.9
Mürren	1632	2634610 / 1156091	01.1991-12.2020	107.9	98.8	101.0	111.4	159.4	155.4	179.2	176.8	117.5	101.5	103.8	123.5	1536.2
Müstair	1248	2831186 / 1169358	01.1991-12.2020	27.9	21.8	31.1	42.7	56.5	76.0	89.4	93.4	68.0	77.3	71.1	37.8	693.0
Napf	1403	2638137 / 1206079	01.1991-12.2020	98.4	98.3	114.1	125.5	187.8	178.0	188.2	175.6	131.1	118.2	109.7	123.9	1648.8
Neuchâtel	485	2563086 / 1205559	01.1991-12.2020	69.4	57.8	62.6	67.4	86.9	86.7	91.6	99.4	77.4	87.6	76.3	92.5	955.6
Niederneunforn	440	2700861 / 1272509	01.1991-12.2020	56.4	51.9	55.9	65.6	98.0	91.2	98.8	95.7	75.2	71.7	67.3	73.8	901.5
Nyon / Changins	458	2506877 / 1139573	01.1991-12.2020	81.9	63.3	64.5	66.7	86.2	83.6	84.1	84.0	85.6	98.5	95.7	99.5	993.6
Oberiberg	1075	2701841 / 1210463	01.1991-12.2020	125.9	119.7	147.3	124.6	183.5	219.6	224.5	225.3	166.7	126.3	132.2	152.2	1947.8
Obstalden	689	2730891 / 1219536	01.1991-12.2020	95.7	85.2	105.7	91.4	141.6	163.3	173.3	174.5	128.5	107.7	103.4	119.7	1490.0
Olivone	890	2714903 / 1154143	01.1991-12.2020	70.8	56.7	67.7	115.4	132.3	149.5	134.4	170.4	133.0	148.4	154.7	80.7	1414.0
Opfikon	424	2684614 / 1254697	01.1991-12.2020	78.4	69.3	76.2	81.6	129.3	118.4	124.3	120.8	86.0	87.2	85.4	97.2	1154.1
Orbe	438	2531750 / 1176425	01.1991-12.2020	60.5	51.2	52.9	58.7	78.5	82.9	82.6	80.6	74.3	83.6	73.8	80.4	860.0
Orsières	929	2577021 / 1096695	01.1991-12.2020	65.7	51.9	50.7	50.3	72.5	69.1	75.9	75.9	55.1	63.1	62.0	73.7	765.9
Orzens	624	2542134 / 1174815	01.1991-12.2020	71.6	53.8	61.0	69.8	91.8	88.8	89.2	93.8	83.2	91.0	84.7	88.2	966.9
Otelfingen	435	2671520 / 1257079	01.1991-12.2020	77.1	63.9	73.3	78.8	118.4	108.3	117.7	107.2	83.0	84.4	81.1	93.6	1086.8
Payerne	490	2562130 / 1184611	01.1991-12.2020	49.8	43.0	52.2	64.3	85.3	88.1	91.8	88.8	74.1	85.5	66.2	64.6	853.7
Payerne / Ville	447	2561614 / 1187040	01.1991-12.2020	58.5	51.0	59.9	69.0	87.5	93.7	94.6	92.0	77.2	91.7	73.8	76.5	925.4
Pfäffikon, ZH	540	2700555 / 1246927	01.1991-12.2020	70.9	69.5	77.8	90.3	138.7	146.5	145.3	137.9	104.4	91.8	86.9	94.3	1254.3
Pigniu	1325	2727950 / 1185714	01.1991-12.2020	86.8	69.9	85.5	75.3	103.2	127.9	133.7	160.3	111.8	100.7	100.4	101.4	1256.9
Pilatus	2105	2661904 / 1203410	01.1991-12.2020	164.3	154.6	149.8	163.4	152.8	167.9	163.3	161.1	110.5	98.5	131.7	173.0	1790.9
Piotta	990	2695880 / 1152264	01.1991-12.2020	71.1	53.7	75.8	122.5	146.8	154.3	128.4	158.4	151.6	157.9	155.2	80.7	1456.4
Piz Corvatsch	3294	2783155 / 1143524	01.1991-12.2020	77.5	68.6	75.7	106.3	131.8	144.1	134.7	134.6	99.8	120.8	135.3	87.9	1317.1
Plaffeien	1042	2586828 / 1177406	01.1991-12.2020	54.3	52.1	66.1	87.3	145.2	138.0	144.4	147.4	110.6	103.9	75.1	75.3	1199.7
Pleigne	738	2587683 / 1251978	01.1991-12.2020	85.8	79.9	82.4	93.8	124.8	108.5	114.5	113.6	91.8	103.4	103.4	106.1	1208.0
Ponte Tresa	274	2710110 / 1091628	01.1991-12.2020	72.3	67.9	85.4	153.5	201.4	172.8	159.5	169.2	188.3	189.8	217.0	86.9	1764.0
Pontresina	1787	2787950 / 1153832	01.1991-12.2020	37.6	26.4	34.0	49.2	71.6	96.2	88.9	99.7	77.7	88.5	88.6	44.6	803.0
Poschiavo / Robbia	1078	2801993 / 1136248	01.1991-12.2020	51.3	35.5	48.2	77.8	97.8	117.5	111.3	117.7	105.8	132.2	121.5	67.0	1083.6
Pully	455	2540819 / 1151510	01.1991-12.2020	75.4	63.5	71.8	83.6	112.6	106.8	102.7	109.6	98.4	110.9	99.2	97.7	1132.2
Punt la Drossa	1713	2810567 / 1170637	01.1991-12.2020	51.4	36.6	43.9	51.6	74.0	97.7	100.2	116.1	74.2	91.9	91.7	57.3	886.6
Reigoldswil	602	2617700 / 1249870	01.1991-12.2020	78.0	72.9	77.9	95.5	123.5	112.8	127.9	111.8	91.0	94.2	93.1	101.9	1180.5
Rempen	650	2710610 / 1221849	01.1991-12.2020	105.4	105.1	125.0	120.7	180.8	205.7	210.2	208.3	157.2	124.1	121.1	133.7	1797.3
Ricken	836	2722680 / 1235901	01.1991-12.2020	127.2	119.2	137.8	129.7	195.9	198.0	209.5	204.2	162.2	130.3	132.7	153.1	1899.8
Riedholz / Wallierhof	518	2609394 / 1231491	01.1991-12.2020	119.4	97.3	95.0	86.1	119.8	106.0	121.3	126.2	96.1	103.8	113.0	145.6	1329.6
Riehen	260	2613930 / 1269300	01.1991-12.2020	52.7	48.4	51.6	66.1	101.3	91.8	91.0	93.0	72.9	78.8	71.1	70.3	889.0
Riex	461	2546079 / 1149410	01.1991-12.2020	89.5	76.7	80.4	92.0	118.7	113.6	115.5	121.4	109.1	111.6	109.9	109.6	1248.0
Robièi	1898	2682587 / 1144090	01.1991-12.2020	136.8	112.9	151.8	237.1	253.8	216.2	162.5	204.0	242.7	276.0	278.7	141.8	2414.3
Romont	692	2561475 / 1172622	01.1991-12.2020	76.2	68.7	76.5	91.5	113.4	111.6	109.5	116.7	96.1	106.3	92.9	94.3	1153.7
Rothenbrunnen	620	2751221 / 1181292	01.1991-12.2020	53.4	41.3	54.0	59.1	71.4	93.6	107.5	116.9	82.9	76.0	74.5	61.1	891.7
Rünenberg	611	2633252 / 1253846	01.1991-12.2020	54.5	49.1	58.3	74.4	111.2	101.1	108.3	108.1	82.3	78.7	73.4	72.2	971.6
S. Bernardino	1638	2734116 / 1147293	01.1991-12.2020	77.1	60.2	80.8	133.2	167.7	171.5	159.3	186.9	162.4	180.8	168.5	88.3	1636.7
Saas Fee	1796	2638235 / 1106761	01.1991-12.2020	40.2	32.6	41.2	58.4	81.2	68.1	49.0	55.8	60.0	76.4	76.4	48.4	687.7
Safien Platz	1296	2743556 / 1171436	01.1991-12.2020	59.0	49.2	57.7	69.5	93.8	124.4	131.1	149.1	105.0	92.6	85.3	63.8	1080.5
Saignelégier	883	2565349 / 1234100	01.1991-12.2020	120.0	109.2	104.7	106.2	138.0	121.3	129.4	136.2	114.5	123.1	125.5	142.0	1470.1
Salen-Reutenen	718	2719100 / 1279046	01.1991-12.2020	38.3	36.5	48.7	63.3	98.3	99.0	103.8	106.3	79.8	71.2	54.8	53.0	853.0
Salez / Saxerriet	436	2755558 / 1233373	01.1991-12.2020	70.4	58.9	81.5	73.8	115.9	136.2	147.9	164.9	112.1	85.0	80.9	84.3	1211.8
Samedan	1708	2787250 / 1155684	01.1991-12.2020	29.4	19.0	23.7	36.9	67.0	90.9	86.8	100.4	73.2	76.6	69.8	36.6	710.3
Sangernboden	1035	2593219 / 1173905	01.1991-12.2020	90.1	93.4	100.5	118.1	161.6	165.0	175.1	158.6	125.4	114.1	99.7	117.4	1519.0
Sargans	585	2752065 / 1213348	01.1991-12.2020	110.3	89.5	115.8	98.7	128.6	146.2	154.2	179.4	123.2	103.9	108.0	117.7	1475.5
Sarnen	471	2662147 / 1194359	01.1991-12.2020	55.8	52.2	61.0	78.3	118.6	141.8	146.8	150.6	92.6	75.6	70.1	70.9	1114.3
Sattel, SZ	790	2691000 / 1215145	01.1991-12.2020	98.6	96.6	118.2	121.7	179.5	195.5	201.5	202.9	146.0	116.3	119.0	126.6	1722.4
Savognin	1172	2765387 / 1162662	01.1991-12.2020	45.9	35.4	45.1	60.5	77.5	107.5	105.9	123.1	89.2	85.1	84.7	57.9	917.8
Schaan	444	2755510 / 1228259	01.1991-12.2020	61.5	53.5	72.9	64.3	102.6	121.2	131.3	150.3	101.6	79.6	71.5	72.6	1082.9
Schaffhausen	438	2688703 / 1282803	01.1991-12.2020	72.4	59.8	64.1	67.8	100.3	95.4	103.4	95.3	71.8	76.7	72.7	86.0	965.7
Schleitheim	497	2678236 / 1288716	01.1991-12.2020	66.9	54.7	52.8	59.8	86.0	83.0	89.3	79.5	57.8	69.0	62.2	79.0	840.0
Schwarzenburg	806	2593149 / 1184720	01.1991-12.2020	67.0	68.5	78.9	95.0	145.0	133.8	146.4	134.6	103.4	105.1	87.2	88.3	1253.2
Schwarzenegg	902	2621687 / 1183859	01.1991-12.2020	59.6	58.7	69.1	85.9	142.6	152.4	159.4	154.4	103.7	85.6	77.4	73.2	1222.0
Schwyz	479	2691646 / 1208411	01.1991-12.2020	100.8	99.7	121.2	115.8	170.2	193.1	198.8	201.3	146.5	111.9	117.0	124.5	1700.8
Schwägalp	1348	2742180 / 1235649	01.1991-12.2020	169.7	165.5	196.0	171.8	244.8	258.1	272.6	265.5	208.3	169.8	169.4	188.4	2479.9
Schänis	415	2719940 / 1225579	01.1991-12.2020	89.8	86.8	105.6	110.9	172.9	192.9	208.0	205.8	155.0	115.7	108.0	114.1	1665.5
Scudellate	920	2724253 / 1086841	01.1991-12.2020	83.8	75.4	92.3	173.3	204.5	187.0	152.7	170.7	190.9	182.1	205.8	98.1	1816.6
Scuol	1303	2817138 / 1186393	01.1991-12.2020	37.7	27.4	34.5	34.8	52.8	80.5	88.4	108.7	65.3	68.8	62.8	46.6	708.3
Sedrun	1429	2699974 / 1169844	01.1991-12.2020	97.6	72.2	88.6	90.2	119.3	118.6	120.0	144.0	123.0	116.1	124.4	98.5	1312.5
Seengen	445	2656680 / 1242110	01.1991-12.2020	79.3	68.1	73.2	78.0	114.5	106.9	120.6	107.6	79.5	86.3	78.8	94.3	1087.1
Segl-Maria	1804	2778576 / 1144976	01.1991-12.2020	48.2	34.2	46.7	62.5	90.2	113.0	108.6	127.4	96.9	105.8	104.0	56.5	994.0
Sempach	532	2657433 / 1220759	01.1991-12.2020	56.9	53.7	63.5	79.9	132.4	132.2	139.5	136.6	92.9	83.1	67.6	75.4	1113.7
Semsales	874	2561108 / 1158427	01.1991-12.2020	110.9	101.2	105.5	113.9	150.6	137.7	141.8	143.1	121.7	131.4	122.3	137.7	1517.8
Sevelen	457	2755605 / 1221301	01.1991-12.2020	68.0	58.8	82.9	70.5	104.3	132.3	142.9	158.5	106.9	80.6	79.1	82.7	1167.5
Siebnen	452	2710821 / 1225537	01.1991-12.2020	82.9	81.6	96.1	98.8	160.5	184.1	187.2	186.5	135.8	107.4	98.7	108.9	1528.5
Sierre	536	2609137 / 1127458	01.1991-12.2020	65.0	46.8	43.0	38.7	56.8	51.6	57.8	62.0	38.9	47.4	57.9	78.5	644.4
Sihlbrugg	549	2686318 / 1230585	01.1991-12.2020	71.9	73.6	82.4	102.8	156.7	168.2	169.3	165.2	120.8	101.9	92.9	98.6	1404.3
Simplon-Dorf	1465	2647682 / 1116339	01.1991-12.2020	74.4	55.8	70.7	126.3	156.3	112.8	79.2	87.4	114.6	149.6	167.5	83.7	1278.3
Sion	482	2591632 / 1118583	01.1991-12.2020	51.8	40.4	36.9	33.7	52.0	48.2	61.9	59.6	37.6	42.8	50.4	67.7	583.0
Sissach	380	2627500 / 1257130	01.1991-12.2020	62.4	57.9	63.8	73.6	106.8	103.1	102.2	99.6	77.6	81.8	75.5	81.2	985.5
Soglio	1086	2761393 / 1134473	01.1991-12.2020	57.5	45.3	63.5	119.8	142.0	167.4	148.0	166.3	145.6	157.5	153.1	69.0	1435.0
Sonogno	910	2703884 / 1134026	01.1991-12.2020	84.1	75.8	100.3	181.7	210.1	210.2	182.3	243.9	240.2	235.4	227.2	101.4	2092.6
Splügen	1460	2744420 / 1157434	01.1991-12.2020	72.8	51.4	68.7	105.1	128.3	152.2	148.0	175.7	139.6	145.3	148.7	79.3	1415.1
St. Antönien	1456	2781634 / 1205103	01.1991-12.2020	105.2	88.7	106.8	80.6	120.4	154.8	164.2	182.1	122.1	98.2	98.5	116.8	1438.4
St. Gallen	775	2747865 / 1254587	01.1991-12.2020	66.8	64.2	87.3	102.9	156.5	170.2	174.4	185.3	137.8	104.8	92.7	90.4	1433.3
St. Peterzell	700	2731250 / 1242139	01.1991-12.2020	104.3	99.7	114.4	108.4	166.0	178.2	184.8	186.9	135.7	109.7	106.1	128.6	1622.8
St. Urban	488	2630369 / 1229411	01.1991-12.2020	85.3	71.0	77.3	82.8	113.5	103.2	114.9	113.5	85.2	89.9	84.8	99.9	1121.3
Sta. Maria, Val Müstair	1386	2828862 / 1165579	01.1991-12.2020	27.0	25.3	32.9	47.1	59.7	92.2	98.6	109.1	79.2	88.6	70.4	36.6	766.7
Stabio	351	2716048 / 1077971	01.1991-12.2020	73.6	74.9	82.9	140.6	171.5	146.7	121.4	138.7	156.1	160.5	202.2	91.2	1560.3
Stalden / Ackersand	700	2633629 / 1121149	01.1991-12.2020	37.6	25.6	33.3	39.5	58.8	51.3	47.3	54.6	35.9	53.1	58.1	47.5	542.6
Stallikon	754	2680340 / 1239849	01.1991-12.2020	74.7	67.8	76.0	94.6	144.1	141.9	138.2	137.1	97.2	93.3	86.5	91.4	1242.8
Stans	439	2669015 / 1202411	01.1991-12.2020	63.3	64.8	77.0	96.4	146.6	169.6	171.8	174.0	112.8	89.0	85.6	85.6	1336.5
Starkenbach	897	2737313 / 1227575	01.1991-12.2020	131.7	114.7	145.3	119.3	178.7	192.4	215.7	212.8	159.2	131.3	126.7	146.0	1873.8
Steckborn	399	2715170 / 1280179	01.1991-12.2020	61.4	56.6	60.5	68.5	97.9	97.8	99.4	94.9	72.9	72.7	67.6	79.9	930.1
Stiegelschwand	1466	2607278 / 1148536	01.1991-12.2020	124.5	106.4	109.6	102.3	153.1	156.1	182.7	170.6	115.6	104.5	109.6	145.5	1580.5
Stöckalp	1070	2664320 / 1183549	01.1991-12.2020	113.5	103.5	118.4	129.5	182.7	194.2	203.8	209.9	138.9	120.5	121.9	131.6	1768.4
Susch	1416	2802002 / 1181593	01.1991-12.2020	49.9	38.3	43.2	46.0	64.3	103.6	100.9	120.4	80.0	76.4	76.1	56.7	855.8
Säntis	2501	2744188 / 1234920	01.1991-12.2020	269.5	221.9	254.6	176.2	224.0	242.8	278.6	266.3	214.3	193.4	204.9	293.6	2840.1
Tafers	654	2583019 / 1185350	01.1991-12.2020	60.6	60.3	69.1	87.7	119.7	114.7	117.8	116.0	92.3	94.4	80.9	78.4	1091.9
Tamins	667	2750155 / 1188613	01.1991-12.2020	82.1	64.8	77.2	72.0	88.7	110.8	121.9	138.4	95.7	89.5	93.7	90.0	1124.8
Tavanasa	800	2722750 / 1178979	01.1991-12.2020	81.4	60.1	78.0	77.5	93.3	112.0	111.0	137.9	108.1	105.2	95.5	89.6	1149.6
Teufen, AR	834	2747784 / 1250408	01.1991-12.2020	82.9	79.8	97.6	105.6	163.6	186.2	182.0	192.9	141.6	109.5	102.0	104.0	1547.7
Thun	570	2611200 / 1177640	01.1991-12.2020	41.5	43.3	47.8	63.8	112.9	125.3	134.3	126.3	80.8	65.0	55.3	56.9	953.2
Thusis	672	2753155 / 1175088	01.1991-12.2020	47.1	34.4	45.4	55.3	71.2	97.6	101.2	124.7	88.0	80.4	79.0	52.3	876.6
Tiefencastel	897	2763442 / 1170267	01.1991-12.2020	45.3	30.3	39.5	47.4	71.4	101.5	101.8	125.2	84.5	70.3	72.5	55.1	844.8
Torricella / Crana	1002	2712695 / 1103744	01.1991-12.2020	81.2	74.4	107.9	201.2	248.2	225.3	176.7	218.0	233.7	231.3	234.5	93.9	2126.3
Tour de Gourze	915	2546452 / 1151241	01.1991-12.2020	90.1	78.6	81.1	92.2	126.1	118.7	118.0	129.6	111.9	119.4	115.1	111.4	1292.2
Trogen	975	2752170 / 1251769	01.1991-12.2020	87.2	85.0	108.0	113.1	168.0	192.8	184.9	191.0	148.1	112.9	109.9	113.8	1614.7
Trun	834	2719985 / 1178223	01.1991-12.2020	78.9	62.5	73.5	78.2	95.0	108.6	106.8	133.0	107.1	104.0	102.2	89.4	1139.2
Tschiertschen	1273	2765538 / 1187678	01.1991-12.2020	66.0	53.2	64.2	62.1	94.5	120.0	130.0	150.8	101.2	81.8	79.5	70.2	1073.5
Ulrichen	1345	2666747 / 1150766	01.1991-12.2020	97.0	81.4	89.3	87.6	116.0	95.3	86.3	100.4	88.9	106.7	124.2	109.7	1182.8
Unterkulm	454	2650838 / 1241212	01.1991-12.2020	84.7	74.9	81.3	83.0	120.3	109.4	120.8	111.2	84.5	91.6	85.1	101.1	1147.9
Unterschächen	1470	2701900 / 1191999	01.1991-12.2020	130.2	126.5	142.3	140.9	186.9	211.2	222.2	233.0	166.5	136.6	146.2	148.7	1991.2
Urnerboden	1395	2712650 / 1195249	01.1991-12.2020	98.1	94.2	118.0	119.6	169.5	210.0	247.3	247.8	170.3	134.1	120.0	116.3	1845.2
Urnäsch	825	2739206 / 1241761	01.1991-12.2020	117.1	109.6	136.4	129.3	191.1	192.6	201.7	205.7	148.6	121.0	120.5	142.4	1816.0
Uster	438	2694760 / 1245190	01.1991-12.2020	67.0	66.7	72.6	84.2	129.1	138.2	130.9	126.5	89.8	86.9	80.1	93.4	1165.4
Vaduz	457	2757723 / 1221699	01.1991-12.2020	41.1	33.8	54.4	56.7	90.2	116.4	130.3	144.4	95.8	67.7	55.7	53.6	940.1
Valeyres-sous-Rances	510	2530240 / 1178344	01.1991-12.2020	77.0	63.1	65.3	61.7	81.1	84.4	80.2	82.1	79.9	87.7	82.6	96.3	941.4
Vallorbe	748	2519399 / 1174060	01.1991-12.2020	120.3	104.1	101.3	95.3	115.9	107.9	113.3	106.5	102.2	117.3	119.9	148.9	1352.9
Vals	1242	2734017 / 1165551	01.1991-12.2020	59.4	40.0	56.6	82.5	101.6	117.3	119.0	140.8	115.4	111.9	110.3	67.1	1121.9
Vella	1245	2732650 / 1175669	01.1991-12.2020	66.3	51.8	65.2	74.6	91.0	106.0	108.6	134.9	94.2	92.7	94.0	72.7	1052.0
Vevey / Corseaux	405	2552105 / 1146847	01.1991-12.2020	74.8	65.1	71.1	86.1	110.3	106.0	131.8	130.6	107.2	98.4	88.5	89.1	1159.0
Vicosoprano	1089	2768486 / 1135865	01.1991-12.2020	68.5	49.5	68.2	119.7	131.2	142.8	129.1	151.3	129.3	150.1	152.4	82.6	1374.7
Villars-Tiercelin	859	2544197 / 1163651	01.1991-12.2020	103.5	88.5	95.5	101.2	124.8	116.3	119.6	123.6	110.4	130.3	119.7	128.7	1362.1
Vira, Gambarogno	225	2709402 / 1111548	01.1991-12.2020	68.4	62.4	90.9	169.9	203.0	184.5	148.2	195.4	190.8	203.3	222.0	87.5	1826.3
Visp	639	2631150 / 1128024	01.1991-12.2020	56.6	38.8	43.1	40.4	56.5	43.8	47.2	49.7	36.3	51.6	61.3	65.2	590.5
Vrin	1384	2727424 / 1168525	01.1991-12.2020	60.8	44.2	62.2	80.2	102.3	126.2	136.7	155.2	109.2	99.4	89.5	66.9	1132.8
Vättis	939	2752732 / 1197281	01.1991-12.2020	88.0	70.6	80.8	65.6	97.3	124.0	135.6	153.9	99.5	89.8	93.4	92.5	1191.0
Wahlendorf	760	2592250 / 1205940	01.1991-12.2020	82.9	76.3	82.2	88.7	114.6	108.6	112.3	117.6	91.1	103.1	94.5	108.9	1180.8
Wald / Tanne	1075	2757025 / 1254229	01.1991-12.2020	58.6	59.8	78.1	88.9	140.6	170.8	162.7	169.9	130.2	91.9	83.1	77.6	1312.2
Waldegg	545	2676761 / 1246210	01.1991-12.2020	69.1	62.1	71.8	82.2	125.6	125.9	126.3	119.2	88.2	86.4	81.0	89.2	1127.0
Wangen b. Olten	435	2633280 / 1242760	01.1991-12.2020	72.4	63.1	64.7	69.1	97.5	96.1	102.3	103.6	77.4	75.7	76.4	93.3	991.6
Wasen im Emmental	770	2627850 / 1210550	01.1991-12.2020	81.7	84.9	87.8	109.6	157.2	150.2	155.2	157.4	112.8	106.1	100.4	104.9	1408.2
Weesen	425	2724983 / 1221382	01.1991-12.2020	108.1	102.8	123.0	110.8	156.8	180.6	194.5	193.8	143.4	113.2	114.2	122.7	1663.9
Weinfelden	477	2726403 / 1269982	01.1991-12.2020	59.1	56.5	63.0	69.7	107.5	104.1	108.7	112.2	83.8	74.6	69.5	79.2	987.9
Weissfluhjoch	2691	2780615 / 1189634	01.1991-12.2020	107.8	80.2	95.8	79.3	116.2	165.5	181.0	197.5	122.7	97.3	92.1	103.4	1438.8
Weisstannen	1010	2744900 / 1205819	01.1991-12.2020	96.1	82.4	106.7	93.3	125.2	153.3	161.8	182.4	125.5	102.2	101.2	107.6	1437.7
Wil, ZH	406	2680341 / 1273224	01.1991-12.2020	83.3	72.1	72.0	73.6	104.1	95.2	96.6	91.1	71.5	82.1	83.4	99.2	1024.2
Wilchingen	413	2676253 / 1280055	01.1991-12.2020	80.5	65.1	66.7	62.7	91.7	85.3	91.8	84.9	63.5	74.9	74.9	95.5	937.5
Wildhaus	998	2746129 / 1229567	01.1991-12.2020	103.0	84.5	120.8	97.7	167.8	175.7	204.4	202.6	146.5	119.7	104.3	120.6	1647.6
Wimmis	648	2617298 / 1168863	01.1991-12.2020	84.6	81.3	85.5	98.6	151.5	153.2	175.1	157.4	104.1	92.2	94.5	103.5	1381.5
Winterthur / Seen	506	2699845 / 1259053	01.1991-12.2020	77.0	70.9	77.4	83.9	120.8	115.5	125.0	120.0	87.6	87.9	85.3	98.8	1150.1
Wittnau	463	2639941 / 1258983	01.1991-12.2020	79.6	71.2	77.0	80.0	109.2	99.8	110.5	106.9	80.4	86.5	90.3	102.7	1094.1
Witzwil	433	2570636 / 1205385	01.1991-12.2020	68.6	57.6	62.3	66.5	86.5	93.0	90.5	105.1	80.3	91.1	81.6	94.9	978.0
Wynau	421	2626405 / 1233849	01.1991-12.2020	82.7	66.8	73.7	75.6	110.5	103.4	117.0	115.0	89.5	89.6	82.4	100.7	1106.9
Wädenswil	485	2693847 / 1230744	01.1991-12.2020	79.7	77.5	88.7	93.7	139.5	149.2	155.4	163.3	115.5	99.4	95.0	105.0	1361.9
Würenlingen / PSI	334	2659356 / 1265380	01.1991-12.2020	85.3	74.5	78.1	71.8	98.9	91.9	99.1	86.7	70.7	83.3	87.4	103.3	1031.0
Yverdon-les-Bains	432	2539851 / 1181493	01.1991-12.2020	68.7	56.5	60.4	64.0	86.7	85.3	85.6	86.9	78.7	88.5	79.2	89.3	929.8
Zermatt	1638	2624297 / 1097574	01.1991-12.2020	42.2	29.7	33.3	39.9	77.4	69.9	58.9	68.4	51.2	57.0	65.2	47.3	640.4
Zernez	1465	2802572 / 1175429	01.1991-12.2020	50.8	34.3	35.3	36.7	58.4	84.9	86.5	105.0	65.5	62.1	70.3	51.9	741.7
Zervreila	1738	2728780 / 1159992	01.1991-12.2020	78.4	58.7	73.0	93.0	119.0	143.8	140.9	172.0	129.2	121.0	116.4	85.1	1330.5
Zofingen	432	2638189 / 1236711	01.1991-12.2020	89.9	78.5	80.4	80.7	117.9	112.7	126.6	119.5	91.6	94.0	92.4	113.7	1197.9
Zugerberg	880	2683303 / 1223008	01.1991-12.2020	54.8	54.4	66.0	90.4	148.4	177.1	168.8	178.1	119.5	92.0	77.2	78.6	1305.3
Zweisimmen	1015	2595869 / 1155480	01.1991-12.2020	88.8	75.2	79.1	80.7	125.0	127.7	154.0	139.4	90.3	80.9	83.0	107.7	1231.8
Zwillikon	461	2675138 / 1238164	01.1991-12.2020	57.7	53.9	62.1	79.6	132.0	129.4	138.1	131.2	88.5	81.5	70.7	75.4	1100.1
Zürich / Affoltern	443	2681433 / 1253547	01.1991-12.2020	63.1	55.2	65.4	73.1	114.8	112.4	115.6	108.8	79.2	80.0	74.2	80.2	1022.0
Zürich / Fluntern	555	2685117 / 1248065	01.1991-12.2020	63.0	60.3	71.2	80.4	128.2	127.6	126.0	119.1	87.4	85.2	76.1	83.4	1107.9
Zürich / Kloten	426	2682711 / 1259338	01.1991-12.2020	65.3	55.5	64.8	70.0	109.9	102.0	116.0	108.2	80.2	82.5	74.5	80.3	1009.2

